第  1  维度       Top  20 关键词qq阅读  7642   10670  98
单机  6571   7312  3
免费游戏  6008   62959  3
儿童英语  5398   6224  16
休闲游戏  5316   15626  50
医院  5248   6987  161
冒险  4964   13758  50
rpg单机游戏  4855   6471  35
冒险游戏  4787   7135  50
养宠物游戏  4653   7055  35
主题医院  4651   6186  161
免费电影  4650   6246  70
不要网的游戏  4647   22963  50
世界迷雾  4646   16136  55
乐行上海  4633   7853  138
下载宝  4631   6701  67
光环助手  4631   9636  107
公主沙龙游戏 - 玩免费美发,美甲,化妆游戏  4630   7680  96
中大网校  4627   76372  154
全面战争  4619   6681  13



第  2  维度       Top  20 关键词传奇私服  6330   6271  195
传奇世界  6158   6271  140
万能相机  5568   6783  114
儿童游戏免费6岁  5128   11347  21
动作游戏  5124   7841  140
传奇霸业  5017   6270  75
one一个  4738   48140  73
3d卡牌  4724   41754  90
倚天  4704   10764  2
传奇手游  4670   8433  195
公主：画画 着色儿童游戏  4666   9749  31
公主:画画 着色儿童游戏  4666   9710  31
伟大航路  4630   76070  45
get浏览器  4630   6913  18
体育游戏  4628   7319  140
get盖特  4624   6914  18
一半  4623   23756  63
主题游戏  4623   70884  18
传奇盛世  4621   6270  195
aa租车  4620   6506  81



第  3  维度       Top  20 关键词qq音乐  9671   11530  99
全民  6935   7408  44
儿童游戏免费  6677   11352  118
line聊天  5786   14498  104
乐高游戏  5546   18184  111
line聊天工具  5029   14320  19
line聊天软件  4963   14038  19
乐高城市  4923   9347  111
facebook翻墙  4883   10477  19
世界  4802   16103  74
休闲益智游戏  4749   9064  146
儿童医院  4749   14072  83
line连我  4696   14507  19
动物  4679   15456  111
休闲游戏免费  4661   61526  83
动物世界  4657   7346  51
休闲  4653   10128  83
line相机  4650   14055  19
facebook中文  4646   10726  19
养宠物  4638   6349  99



第  4  维度       Top  20 关键词传奇  8319   6270  124
免费小说  7292   6540  176
公主沙龙游戏 - 玩免费美发，美甲，化妆游戏  5811   7680  78
一个  5662   23705  176
snow - 自拍,人脸识别贴图,好玩的相机  5491   6940  38
八门神器  5423   7205  38
三国杀online  5328   25684  68
三国游戏  5282   7717  124
北京赛车  5149   6705  182
上网神器 - 最好用的苹果版万能钥匙,您身边的wifi管家  5000   8096  11
免费游戏大全  4771   57497  186
公主游戏免费  4753   7250  78
上车  4652   6794  33
传奇外挂  4649   6263  68
养猫  4642   10785  163
养鱼  4641   6953  153
助手下载  4636   10363  182
3k助手  4627   9588  182
像素射击  4615   8007  22
丝袜视频  4611   16888  182



第  5  维度       Top  20 关键词儿童游戏  6949   16478  106
公主游戏  5798   8285  106
儿童  5612   24448  26
公主  5191   9722  106
切水果游戏免费  5038   11643  158
儿童拼图  4851   6517  26
仙剑奇侠传单机  4677   7684  149
公主游戏大全  4675   7258  106
儿童教育  4658   10556  20
zaker 新闻  4634   9011  20
g5免费游戏  4632   57409  92
2048情侣  4627   7407  48
儿童教育游戏  4625   13899  95
北京国安  4624   12279  117
切水果游戏单机  4621   6016  158
八门  4620   10998  43
优秀游戏  4620   69043  8
cs单机  4619   8573  181
4399游戏大全  4617   6353  23
儿童乐园  4613   16592  26



