第  1  维度       Top  20 关键词y挂三国  8715   35  100
全民主公  8400   832  50
全民tv  8270   1036  14
作业帮  8079   1377  70
360手机卫士  7944   565  155
全民电玩  7611   607  3
中国移动  7530   869  24
倚天屠龙记  7492   81  123
千牛  7352   1429  32
五子棋  7322   1108  65
世纪佳缘  7251   275  70
乐视体育  7155   911  98
中国蓝tv  6636   122  6
一起作业  6604   242  127
会说话的汤姆猫  6585   100  49
一起斗牛  6426   1388  28
uber优步  6409   455  0
乐天  6403   1272  64
优步司机端下载  6391   115  55
lol掌上英雄联盟  6349   286  191



第  2  维度       Top  20 关键词wifi万能钥匙  8809   499  73
全民艾泽拉斯  8038   53  36
伙星  7827   527  194
乐视tv  6979   907  18
先锋影音播放  6647   320  73
xy苹果助手  6633   531  73
二次元  6487   987  194
e代驾  6420   816  45
uber优步  6409   455  0
中超风云  6404   163  160
侠盗飞车  6305   514  195
云南移动客户端  6088   31  102
亲宝宝  6075   317  63
三国群英传  6019   248  147
全民•炸金花  6009   518  156
先锋影音播放器下载  6000   215  2
刀塔  5980   841  73
功夫熊猫3  5857   671  36
仙侠  5784   972  75
lol盒子  5638   444  18



第  3  维度       Top  20 关键词全民k歌  9767   1391  19
倩女幽魂  8177   162  82
优步打车  8126   482  37
保卫萝卜  7827   856  56
保卫萝卜3  7738   849  146
农行掌上银行  7605   132  5
交管12123  7570   68  37
剑侠情缘  7478   198  15
俄罗斯方块  7477   1325  146
全民超神  7453   1245  15
人人车  7422   545  165
bb弹  7291   176  132
k歌  7169   772  134
先锋  7150   613  19
全民枪战  7069   1326  74
切水果  6900   681  47
全民突击  6888   1271  15
倩女幽魂手游  6730   142  15
全名k歌  6719   748  134
交汇点  6711   70  167



第  4  维度       Top  20 关键词优步  9401   633  196
借贷宝  8658   1083  177
全民奇迹  7826   1239  124
三国杀  7747   721  130
3d播播  7254   234  69
全民娱乐  7031   454  25
一键清理  7021   703  182
刀塔传奇  6857   469  124
全民无双  6738   809  33
全民战群英  6683   27  124
万能遥控器  6556   68  91
你的生活点滴  6442   19  62
uber优步  6409   455  0
4399游戏盒  6276   352  71
momo陌陌  6253   453  177
列王的纷争  6184   205  52
作业互助组  5958   110  69
乐高  5830   834  113
俄罗斯方块 全免费  5621   1325  22
凯立德手机导航免费  5590   405  91



第  5  维度       Top  20 关键词乐视视频  8209   907  117
乐动力  7390   207  117
人人美剧  7206   618  115
1元来夺宝  6881   19  8
三国龙翔传  6770   242  112
人人网  6756   576  12
bilibili哔哩哔哩  6692   105  57
e宠商城  6526   72  23
冒险岛  6466   775  8
uber优步  6409   455  0
农村淘宝  6254   76  103
京东白条  6189   873  144
360手机助手苹果版  6177   468  115
切西瓜  6141   301  158
nba直播  6126   189  117
刺客信条  6117   342  46
侠隐江湖  6035   35  8
侠盗猎车手:罪恶都市  6002   130  181
保皇  5938   368  158
人人贷  5927   496  115



